RUNNING THE L-BFGS-B CODE

it    = iteration number
nf    = number of function evaluations
nseg  = number of segments explored during the Cauchy search
nact  = number of active bounds at the generalized Cauchy point
sub   = manner in which the subspace minimization terminated:
        con = converged, bnd = a bound was reached
itls  = number of iterations performed in the line search
stepl = step length used
tstep = norm of the displacement (total step)
projg = norm of the projected gradient
f     = function value

           * * *

Machine precision = 2.220D-16
 N =        16297     M =           10

   it   nf  nseg  nact  sub  itls  stepl    tstep     projg        f
    0    1     -     -   -     -     -        -     2.673D+05  2.879D+07
    1    2     1     0  ---    0  4.2D-07  1.0D+00  2.074D+05  2.692D+07
    2    4     0     0  con    1  4.8D-01  1.1D+00  1.097D+05  2.592D+07
    3    5     0     0  con    0  1.0D+00  5.0D-01  8.877D+04  2.568D+07
    4    6     0     0  con    0  1.0D+00  1.3D+00  2.120D+05  2.536D+07
    5    7     0     0  con    0  1.0D+00  8.2D-01  8.763D+04  2.515D+07
    6    8     0     0  con    0  1.0D+00  9.0D-01  9.484D+04  2.496D+07
    7    9     0     0  con    0  1.0D+00  1.3D+00  1.556D+05  2.473D+07
    8   11     0     0  con    1  3.9D-01  9.9D-01  1.721D+05  2.456D+07
    9   13     0     0  con    1  4.9D-01  6.3D-01  1.529D+05  2.443D+07
   10   14     0     0  con    0  1.0D+00  8.2D-01  7.478D+04  2.430D+07
   11   15     0     0  con    0  1.0D+00  6.0D-01  1.173D+05  2.423D+07
   12   16     0     0  con    0  1.0D+00  2.9D-01  6.659D+04  2.418D+07
   13   17     0     0  con    0  1.0D+00  4.3D-01  6.659D+04  2.412D+07
   14   18     0     0  con    0  1.0D+00  2.2D+00  1.608D+05  2.389D+07
   15   20     0     0  con    1  2.5D-01  1.2D+00  1.971D+05  2.380D+07
   16   22     0     0  con    1  4.9D-01  6.6D-01  1.934D+05  2.372D+07
   17   23     0     0  con    0  1.0D+00  7.3D-01  1.072D+05  2.356D+07
   18   24     0     0  con    0  1.0D+00  6.6D-01  6.658D+04  2.351D+07
   19   25     0     0  con    0  1.0D+00  4.2D-01  1.268D+05  2.347D+07
   20   26     0     0  con    0  1.0D+00  1.8D-01  1.571D+04  2.345D+07
   21   27     0     0  con    0  1.0D+00  1.9D-01  2.652D+04  2.343D+07
   22   28     0     0  con    0  1.0D+00  5.5D-01  4.693D+04  2.341D+07
   23   29     0     0  con    0  1.0D+00  6.1D-01  3.153D+04  2.337D+07
   24   30     0     0  con    0  1.0D+00  1.8D+00  3.926D+04  2.334D+07
   25   31     0     0  con    0  1.0D+00  4.1D-01  4.318D+04  2.329D+07
   26   32     0     0  con    0  1.0D+00  2.4D-01  3.858D+04  2.327D+07
   27   33     0     0  con    0  1.0D+00  7.9D-01  2.132D+04  2.324D+07
   28   35     0     0  con    1  5.2D-01  7.1D-01  2.613D+04  2.322D+07
   29   36     0     0  con    0  1.0D+00  4.3D-01  2.194D+04  2.320D+07
   30   37     0     0  con    0  1.0D+00  4.7D-01  1.988D+04  2.319D+07
   31   38     0     0  con    0  1.0D+00  4.0D-01  1.611D+04  2.318D+07
   32   39     0     0  con    0  1.0D+00  4.9D-01  2.699D+04  2.317D+07
   33   40     0     0  con    0  1.0D+00  2.5D-01  2.400D+04  2.316D+07
   34   41     0     0  con    0  1.0D+00  4.7D-01  1.738D+04  2.314D+07
   35   42     0     0  con    0  1.0D+00  6.2D-01  1.713D+04  2.313D+07
   36   43     0     0  con    0  1.0D+00  4.0D-01  2.005D+04  2.312D+07
   37   44     0     0  con    0  1.0D+00  9.2D-01  3.098D+04  2.310D+07
   38   45     0     0  con    0  1.0D+00  6.2D-01  3.120D+04  2.308D+07
   39   46     0     0  con    0  1.0D+00  9.4D-01  1.536D+04  2.307D+07
   40   48     0     0  con    1  4.1D-01  5.6D-01  1.937D+04  2.306D+07
   41   49     0     0  con    0  1.0D+00  3.6D-01  2.027D+04  2.305D+07
   42   50     0     0  con    0  1.0D+00  3.1D-01  2.800D+04  2.304D+07
   43   51     0     0  con    0  1.0D+00  5.9D-01  2.368D+04  2.302D+07
   44   52     0     0  con    0  1.0D+00  8.9D-01  2.596D+04  2.301D+07
   45   53     0     0  con    0  1.0D+00  1.7D-01  2.148D+04  2.300D+07
   46   54     0     0  con    0  1.0D+00  2.5D-01  1.622D+04  2.299D+07
   47   55     0     0  con    0  1.0D+00  4.0D-01  2.405D+04  2.298D+07
   48   56     0     0  con    0  1.0D+00  8.3D-01  3.048D+04  2.297D+07
   49   57     0     0  con    0  1.0D+00  2.7D-01  2.245D+04  2.296D+07
   50   58     0     0  con    0  1.0D+00  2.5D-01  1.733D+04  2.295D+07
   51   59     0     0  con    0  1.0D+00  3.5D-01  2.102D+04  2.295D+07
   52   60     0     0  con    0  1.0D+00  6.4D-01  2.468D+04  2.293D+07
   53   61     0     0  con    0  1.0D+00  5.7D-01  1.865D+04  2.292D+07
   54   62     0     0  con    0  1.0D+00  2.3D-01  1.675D+04  2.292D+07
   55   63     0     0  con    0  1.0D+00  5.1D-01  2.641D+04  2.291D+07
   56   64     0     0  con    0  1.0D+00  3.1D-01  2.615D+04  2.290D+07
   57   65     0     0  con    0  1.0D+00  2.5D-01  1.633D+04  2.289D+07
   58   66     0     0  con    0  1.0D+00  8.0D-01  1.686D+04  2.288D+07
   59   67     0     0  con    0  1.0D+00  8.1D-01  2.328D+04  2.287D+07
   60   68     0     0  con    0  1.0D+00  4.6D-01  2.151D+04  2.286D+07
   61   69     0     0  con    0  1.0D+00  4.3D-01  1.633D+04  2.284D+07
   62   70     0     0  con    0  1.0D+00  5.0D-01  2.332D+04  2.283D+07
   63   71     0     0  con    0  1.0D+00  9.4D-01  2.123D+04  2.282D+07
   64   72     0     0  con    0  1.0D+00  4.0D-01  2.203D+04  2.281D+07
   65   73     0     0  con    0  1.0D+00  8.2D-01  1.824D+04  2.279D+07
   66   74     0     0  con    0  1.0D+00  6.1D-01  2.240D+04  2.278D+07
   67   75     0     0  con    0  1.0D+00  5.3D-01  2.037D+04  2.277D+07
   68   76     0     0  con    0  1.0D+00  7.7D-01  2.384D+04  2.276D+07
   69   77     0     0  con    0  1.0D+00  4.2D-01  1.679D+04  2.275D+07
   70   78     0     0  con    0  1.0D+00  2.1D-01  1.860D+04  2.274D+07
   71   79     0     0  con    0  1.0D+00  4.2D-01  1.558D+04  2.273D+07
   72   80     0     0  con    0  1.0D+00  3.7D-01  1.987D+04  2.273D+07
   73   81     0     0  con    0  1.0D+00  9.4D-01  2.201D+04  2.271D+07
   74   82     0     0  con    0  1.0D+00  7.8D-01  1.906D+04  2.271D+07
   75   83     0     0  con    0  1.0D+00  1.5D-01  1.347D+04  2.270D+07
   76   84     0     0  con    0  1.0D+00  1.8D-01  1.429D+04  2.269D+07
   77   85     0     0  con    0  1.0D+00  3.3D-01  1.722D+04  2.268D+07
   78   86     0     0  con    0  1.0D+00  8.0D-01  2.300D+04  2.268D+07
   79   87     0     0  con    0  1.0D+00  3.0D-01  1.438D+04  2.267D+07
   80   88     0     0  con    0  1.0D+00  2.0D-01  1.098D+04  2.266D+07
   81   89     0     0  con    0  1.0D+00  3.9D-01  1.591D+04  2.266D+07
   82   90     0     0  con    0  1.0D+00  5.9D-01  1.422D+04  2.265D+07
   83   91     0     0  con    0  1.0D+00  4.0D-01  1.384D+04  2.264D+07
   84   92     0     0  con    0  1.0D+00  4.3D-01  1.263D+04  2.263D+07
   85   93     0     0  con    0  1.0D+00  4.1D-01  1.758D+04  2.263D+07
   86   94     0     0  con    0  1.0D+00  8.1D-01  2.040D+04  2.262D+07
   87   95     0     0  con    0  1.0D+00  3.4D-01  1.549D+04  2.261D+07
   88   96     0     0  con    0  1.0D+00  2.1D-01  1.366D+04  2.261D+07
   89   97     0     0  con    0  1.0D+00  4.7D-01  1.810D+04  2.260D+07
   90   98     0     0  con    0  1.0D+00  7.5D-01  2.866D+04  2.259D+07
   91   99     0     0  con    0  1.0D+00  2.0D-01  2.112D+04  2.258D+07
   92  100     0     0  con    0  1.0D+00  3.3D-01  1.279D+04  2.258D+07
   93  101     0     0  con    0  1.0D+00  3.2D-01  1.437D+04  2.257D+07
   94  102     0     0  con    0  1.0D+00  7.7D-01  1.835D+04  2.256D+07
   95  104     0     0  con    1  4.4D-01  5.4D-01  1.494D+04  2.256D+07
   96  105     0     0  con    0  1.0D+00  2.5D-01  9.208D+03  2.255D+07
   97  106     0     0  con    0  1.0D+00  3.3D-01  1.403D+04  2.255D+07
   98  107     0     0  con    0  1.0D+00  4.9D-01  1.958D+04  2.254D+07
   99  108     0     0  con    0  1.0D+00  6.6D-01  2.129D+04  2.253D+07
  100  109     0     0  con    0  1.0D+00  4.3D-01  1.265D+04  2.253D+07
  101  110     0     0  con    0  1.0D+00  2.9D-01  1.752D+04  2.252D+07
  102  111     0     0  con    0  1.0D+00  3.4D-01  1.738D+04  2.251D+07
  103  112     0     0  con    0  1.0D+00  6.8D-01  2.826D+04  2.251D+07
  104  113     0     0  con    0  1.0D+00  3.0D-01  1.734D+04  2.250D+07
  105  114     0     0  con    0  1.0D+00  2.4D-01  1.426D+04  2.250D+07
  106  115     0     0  con    0  1.0D+00  4.0D-01  1.689D+04  2.249D+07
  107  116     0     0  con    0  1.0D+00  8.9D-01  1.956D+04  2.249D+07
  108  117     0     0  con    0  1.0D+00  8.9D-01  2.418D+04  2.248D+07
  109  118     0     0  con    0  1.0D+00  1.1D-01  1.291D+04  2.247D+07
  110  119     0     0  con    0  1.0D+00  1.5D-01  1.161D+04  2.247D+07
  111  120     0     0  con    0  1.0D+00  3.4D-01  1.647D+04  2.246D+07
  112  121     0     0  con    0  1.0D+00  9.2D-01  3.436D+04  2.246D+07
  113  122     0     0  con    0  1.0D+00  5.4D-01  2.163D+04  2.245D+07
  114  123     0     0  con    0  1.0D+00  4.2D-01  1.184D+04  2.244D+07
  115  124     0     0  con    0  1.0D+00  5.5D-01  2.230D+04  2.244D+07
  116  125     0     0  con    0  1.0D+00  4.5D-01  2.760D+04  2.243D+07
  117  126     0     0  con    0  1.0D+00  3.6D-01  2.220D+04  2.243D+07
  118  127     0     0  con    0  1.0D+00  6.6D-01  1.778D+04  2.242D+07
  119  128     0     0  con    0  1.0D+00  8.2D-01  1.875D+04  2.242D+07
  120  129     0     0  con    0  1.0D+00  7.2D-02  1.868D+04  2.241D+07
  121  130     0     0  con    0  1.0D+00  2.7D-01  1.573D+04  2.240D+07
  122  131     0     0  con    0  1.0D+00  3.8D-01  1.672D+04  2.240D+07
  123  132     0     0  con    0  1.0D+00  8.5D-01  1.424D+04  2.239D+07
  124  134     0     0  con    1  3.9D-01  5.9D-01  1.220D+04  2.239D+07
  125  135     0     0  con    0  1.0D+00  4.8D-01  1.260D+04  2.238D+07
  126  136     0     0  con    0  1.0D+00  3.8D-01  1.552D+04  2.237D+07
  127  137     0     0  con    0  1.0D+00  5.8D-01  2.191D+04  2.237D+07
  128  138     0     0  con    0  1.0D+00  6.9D-01  1.333D+04  2.236D+07
  129  139     0     0  con    0  1.0D+00  2.0D-01  1.062D+04  2.236D+07
  130  140     0     0  con    0  1.0D+00  2.2D-01  1.015D+04  2.235D+07
  131  141     0     0  con    0  1.0D+00  2.5D-01  1.735D+04  2.235D+07
  132  142     0     0  con    0  1.0D+00  8.8D-01  1.542D+04  2.234D+07
  133  143     0     0  con    0  1.0D+00  2.7D-01  1.581D+04  2.234D+07
  134  144     0     0  con    0  1.0D+00  2.0D-01  1.303D+04  2.233D+07
  135  145     0     0  con    0  1.0D+00  3.7D-01  1.782D+04  2.233D+07
  136  146     0     0  con    0  1.0D+00  7.5D-01  2.149D+04  2.232D+07
  137  147     0     0  con    0  1.0D+00  4.9D-01  1.882D+04  2.232D+07
  138  148     0     0  con    0  1.0D+00  3.4D-01  1.358D+04  2.231D+07
  139  149     0     0  con    0  1.0D+00  4.2D-01  1.327D+04  2.231D+07
  140  150     0     0  con    0  1.0D+00  8.2D-01  1.894D+04  2.230D+07
  141  151     0     0  con    0  1.0D+00  8.0D-01  2.119D+04  2.229D+07
  142  152     0     0  con    0  1.0D+00  4.9D-01  1.125D+04  2.228D+07
  143  153     0     0  con    0  1.0D+00  6.9D-01  1.477D+04  2.228D+07
  144  154     0     0  con    0  1.0D+00  2.2D-01  1.775D+04  2.227D+07
  145  155     0     0  con    0  1.0D+00  3.1D-01  1.522D+04  2.227D+07
  146  156     0     0  con    0  1.0D+00  7.0D-01  1.081D+04  2.226D+07
  147  157     0     0  con    0  1.0D+00  8.4D-01  1.754D+04  2.226D+07
  148  158     0     0  con    0  1.0D+00  1.2D-01  1.411D+04  2.225D+07
  149  159     0     0  con    0  1.0D+00  2.0D-01  1.398D+04  2.225D+07
  150  160     0     0  con    0  1.0D+00  4.0D-01  9.888D+03  2.224D+07
  151  161     0     0  con    0  1.0D+00  5.5D-01  9.886D+03  2.224D+07
  152  163     0     0  con    1  4.4D-01  5.7D-01  1.263D+04  2.223D+07
  153  164     0     0  con    0  1.0D+00  3.2D-01  1.156D+04  2.223D+07
  154  165     0     0  con    0  1.0D+00  2.4D-01  8.541D+03  2.222D+07
  155  166     0     0  con    0  1.0D+00  3.8D-01  1.109D+04  2.222D+07
  156  167     0     0  con    0  1.0D+00  5.3D-01  1.466D+04  2.221D+07
  157  168     0     0  con    0  1.0D+00  4.9D-01  1.552D+04  2.221D+07
  158  169     0     0  con    0  1.0D+00  7.1D-01  1.047D+04  2.220D+07
  159  170     0     0  con    0  1.0D+00  5.4D-01  1.124D+04  2.220D+07
  160  171     0     0  con    0  1.0D+00  1.4D-01  9.472D+03  2.219D+07
  161  172     0     0  con    0  1.0D+00  5.7D-01  1.761D+04  2.219D+07
  162  173     0     0  con    0  1.0D+00  4.4D-01  1.468D+04  2.218D+07
  163  174     0     0  con    0  1.0D+00  5.7D-01  1.035D+04  2.218D+07
  164  175     0     0  con    0  1.0D+00  1.1D+00  1.755D+04  2.217D+07
  165  176     0     0  con    0  1.0D+00  3.9D-01  1.631D+04  2.216D+07
  166  177     0     0  con    0  1.0D+00  1.5D-01  1.360D+04  2.216D+07
  167  178     0     0  con    0  1.0D+00  4.0D-01  1.173D+04  2.215D+07
  168  179     0     0  con    0  1.0D+00  1.0D+00  1.484D+04  2.215D+07
  169  180     0     0  con    0  1.0D+00  7.4D-02  1.179D+04  2.214D+07
  170  181     0     0  con    0  1.0D+00  3.1D-01  8.653D+03  2.214D+07
  171  182     0     0  con    0  1.0D+00  5.3D-01  1.215D+04  2.213D+07
  172  183     0     0  con    0  1.0D+00  8.0D-01  1.279D+04  2.213D+07
  173  184     0     0  con    0  1.0D+00  1.1D+00  1.408D+04  2.212D+07
  174  185     0     0  con    0  1.0D+00  2.7D-01  1.103D+04  2.211D+07
  175  186     0     0  con    0  1.0D+00  5.0D-01  1.256D+04  2.210D+07
  176  187     0     0  con    0  1.0D+00  5.0D-01  1.971D+04  2.210D+07
  177  188     0     0  con    0  1.0D+00  4.2D-01  1.651D+04  2.209D+07
  178  189     0     0  con    0  1.0D+00  8.2D-01  1.041D+04  2.209D+07
  179  190     0     0  con    0  1.0D+00  3.9D-01  9.656D+03  2.208D+07
  180  191     0     0  con    0  1.0D+00  6.9D-01  1.214D+04  2.207D+07
  181  192     0     0  con    0  1.0D+00  8.2D-01  1.238D+04  2.207D+07
  182  193     0     0  con    0  1.0D+00  5.6D-01  1.353D+04  2.206D+07
  183  194     0     0  con    0  1.0D+00  1.6D-01  1.140D+04  2.206D+07
  184  195     0     0  con    0  1.0D+00  2.5D-01  1.296D+04  2.205D+07
  185  196     0     0  con    0  1.0D+00  6.6D-01  1.426D+04  2.205D+07
  186  197     0     0  con    0  1.0D+00  6.8D-01  1.116D+04  2.204D+07
  187  198     0     0  con    0  1.0D+00  2.8D-01  1.003D+04  2.204D+07
  188  199     0     0  con    0  1.0D+00  4.2D-01  1.501D+04  2.203D+07
  189  200     0     0  con    0  1.0D+00  6.3D-01  1.712D+04  2.203D+07
  190  201     0     0  con    0  1.0D+00  4.6D-01  1.449D+04  2.202D+07
  191  202     0     0  con    0  1.0D+00  6.1D-01  1.135D+04  2.201D+07
  192  203     0     0  con    0  1.0D+00  3.9D-01  1.326D+04  2.201D+07
  193  204     0     0  con    0  1.0D+00  5.6D-01  1.544D+04  2.200D+07
  194  205     0     0  con    0  1.0D+00  4.6D-01  1.207D+04  2.199D+07
  195  206     0     0  con    0  1.0D+00  6.4D-01  1.560D+04  2.199D+07
  196  207     0     0  con    0  1.0D+00  5.7D-01  1.575D+04  2.198D+07
  197  208     0     0  con    0  1.0D+00  3.4D-01  1.268D+04  2.197D+07
  198  209     0     0  con    0  1.0D+00  7.3D-01  1.333D+04  2.197D+07
  199  210     0     0  con    0  1.0D+00  5.6D-01  1.305D+04  2.196D+07
  200  211     0     0  con    0  1.0D+00  2.1D-01  1.223D+04  2.196D+07
  201  212     0     0  con    0  1.0D+00  7.1D-01  1.584D+04  2.195D+07
  202  213     0     0  con    0  1.0D+00  5.7D-01  1.279D+04  2.194D+07
  203  214     0     0  con    0  1.0D+00  7.5D-01  1.257D+04  2.193D+07
  204  215     0     0  con    0  1.0D+00  6.2D-01  1.398D+04  2.193D+07
  205  216     0     0  con    0  1.0D+00  3.0D-01  1.152D+04  2.192D+07
  206  217     0     0  con    0  1.0D+00  2.0D-01  1.008D+04  2.192D+07
  207  218     0     0  con    0  1.0D+00  5.9D-01  1.373D+04  2.191D+07
  208  219     0     0  con    0  1.0D+00  8.3D-01  1.563D+04  2.191D+07
  209  220     0     0  con    0  1.0D+00  6.7D-02  1.015D+04  2.190D+07
  210  221     0     0  con    0  1.0D+00  2.3D-01  7.677D+03  2.190D+07
  211  222     0     0  con    0  1.0D+00  3.5D-01  1.268D+04  2.189D+07
  212  223     0     0  con    0  1.0D+00  7.9D-01  1.390D+04  2.189D+07
  213  225     0     0  con    1  4.0D-01  5.6D-01  1.011D+04  2.188D+07
  214  226     0     0  con    0  1.0D+00  3.7D-01  8.653D+03  2.188D+07
  215  227     0     0  con    0  1.0D+00  2.5D-01  1.027D+04  2.187D+07
  216  228     0     0  con    0  1.0D+00  3.6D-01  1.534D+04  2.187D+07
  217  229     0     0  con    0  1.0D+00  5.6D-01  1.351D+04  2.186D+07
  218  230     0     0  con    0  1.0D+00  3.9D-01  1.120D+04  2.186D+07
  219  231     0     0  con    0  1.0D+00  4.4D-01  1.106D+04  2.185D+07
  220  232     0     0  con    0  1.0D+00  3.4D-01  1.735D+04  2.185D+07
  221  233     0     0  con    0  1.0D+00  4.7D-01  1.461D+04  2.185D+07
  222  234     0     0  con    0  1.0D+00  7.4D-01  1.380D+04  2.184D+07
  223  235     0     0  con    0  1.0D+00  3.8D-01  1.600D+04  2.183D+07
  224  236     0     0  con    0  1.0D+00  2.0D-01  1.875D+04  2.183D+07
  225  237     0     0  con    0  1.0D+00  6.9D-01  1.453D+04  2.182D+07
  226  238     0     0  con    0  1.0D+00  8.2D-01  1.644D+04  2.182D+07
  227  239     0     0  con    0  1.0D+00  1.3D-01  1.194D+04  2.181D+07
  228  240     0     0  con    0  1.0D+00  2.8D-01  1.525D+04  2.181D+07
  229  241     0     0  con    0  1.0D+00  4.4D-01  1.596D+04  2.180D+07
  230  242     0     0  con    0  1.0D+00  1.1D+00  1.909D+04  2.179D+07
  231  243     0     0  con    0  1.0D+00  4.0D-01  1.437D+04  2.179D+07
  232  244     0     0  con    0  1.0D+00  1.8D-01  1.240D+04  2.178D+07
  233  245     0     0  con    0  1.0D+00  4.7D-01  1.582D+04  2.178D+07
  234  246     0     0  con    0  1.0D+00  8.8D-01  1.742D+04  2.177D+07
  235  247     0     0  con    0  1.0D+00  2.3D-01  1.576D+04  2.176D+07
  236  248     0     0  con    0  1.0D+00  2.4D-01  9.594D+03  2.176D+07
  237  249     0     0  con    0  1.0D+00  3.3D-01  1.550D+04  2.175D+07
  238  250     0     0  con    0  1.0D+00  7.1D-01  1.250D+04  2.175D+07
  239  251     0     0  con    0  1.0D+00  6.9D-01  1.603D+04  2.174D+07
  240  252     0     0  con    0  1.0D+00  1.6D-01  1.105D+04  2.174D+07
  241  253     0     0  con    0  1.0D+00  4.8D-01  2.347D+04  2.173D+07
  242  254     0     0  con    0  1.0D+00  7.0D-01  1.797D+04  2.173D+07
  243  255     0     0  con    0  1.0D+00  1.0D-01  1.370D+04  2.172D+07
  244  256     0     0  con    0  1.0D+00  2.5D-01  1.041D+04  2.172D+07
  245  257     0     0  con    0  1.0D+00  3.4D-01  1.214D+04  2.171D+07
  246  258     0     0  con    0  1.0D+00  5.1D-01  1.457D+04  2.171D+07
  247  260     0     0  con    1  4.7D-01  5.2D-01  1.706D+04  2.170D+07
  248  261     0     0  con    0  1.0D+00  5.6D-01  1.264D+04  2.170D+07
  249  262     0     0  con    0  1.0D+00  2.9D-01  9.674D+03  2.170D+07
  250  263     0     0  con    0  1.0D+00  5.8D-01  1.519D+04  2.169D+07
  251  264     0     0  con    0  1.0D+00  3.5D-01  1.451D+04  2.169D+07
  252  265     0     0  con    0  1.0D+00  1.5D-01  1.475D+04  2.168D+07
  253  266     0     0  con    0  1.0D+00  3.7D-01  1.290D+04  2.168D+07
  254  267     0     0  con    0  1.0D+00  4.3D-01  1.418D+04  2.167D+07
  255  268     0     0  con    0  1.0D+00  8.6D-01  1.507D+04  2.167D+07
  256  269     0     0  con    0  1.0D+00  7.5D-01  1.701D+04  2.166D+07
  257  270     0     0  con    0  1.0D+00  8.5D-02  1.404D+04  2.166D+07
  258  271     0     0  con    0  1.0D+00  2.9D-01  1.505D+04  2.165D+07
  259  272     0     0  con    0  1.0D+00  5.0D-01  1.556D+04  2.165D+07
  260  273     0     0  con    0  1.0D+00  1.1D+00  1.873D+04  2.165D+07
  261  274     0     0  con    0  1.0D+00  2.0D-01  1.400D+04  2.164D+07
  262  275     0     0  con    0  1.0D+00  9.4D-02  9.215D+03  2.164D+07
  263  276     0     0  con    0  1.0D+00  3.9D-01  1.671D+04  2.163D+07
  264  277     0     0  con    0  1.0D+00  6.9D-01  1.614D+04  2.162D+07
  265  278     0     0  con    0  1.0D+00  1.1D+00  1.902D+04  2.162D+07
  266  279     0     0  con    0  1.0D+00  2.3D-01  1.303D+04  2.161D+07
  267  280     0     0  con    0  1.0D+00  2.4D-01  1.822D+04  2.161D+07
  268  281     0     0  con    0  1.0D+00  4.7D-01  1.925D+04  2.160D+07
  269  282     0     0  con    0  1.0D+00  1.0D+00  2.482D+04  2.159D+07
  270  283     0     0  con    0  1.0D+00  3.1D-01  1.382D+04  2.159D+07
  271  284     0     0  con    0  1.0D+00  1.6D-01  1.135D+04  2.158D+07
  272  285     0     0  con    0  1.0D+00  4.2D-01  1.975D+04  2.158D+07
  273  286     0     0  con    0  1.0D+00  8.6D-01  2.633D+04  2.157D+07
  274  287     0     0  con    0  1.0D+00  4.0D-01  2.003D+04  2.157D+07
  275  288     0     0  con    0  1.0D+00  4.1D-01  1.270D+04  2.156D+07
  276  289     0     0  con    0  1.0D+00  5.9D-01  1.811D+04  2.155D+07
  277  290     0     0  con    0  1.0D+00  1.1D+00  2.074D+04  2.155D+07
  278  291     0     0  con    0  1.0D+00  2.3D-01  1.893D+04  2.154D+07
  279  292     0     0  con    0  1.0D+00  2.5D-01  1.135D+04  2.154D+07
  280  293     0     0  con    0  1.0D+00  4.3D-01  1.546D+04  2.153D+07
  281  294     0     0  con    0  1.0D+00  8.4D-01  1.912D+04  2.152D+07
  282  295     0     0  con    0  1.0D+00  7.5D-01  2.004D+04  2.152D+07
  283  296     0     0  con    0  1.0D+00  1.5D-01  1.170D+04  2.151D+07
  284  297     0     0  con    0  1.0D+00  3.5D-01  1.958D+04  2.151D+07
  285  298     0     0  con    0  1.0D+00  4.9D-01  2.319D+04  2.150D+07
  286  299     0     0  con    0  1.0D+00  2.6D-01  2.030D+04  2.150D+07
  287  300     0     0  con    0  1.0D+00  6.9D-01  1.368D+04  2.149D+07
  288  301     0     0  con    0  1.0D+00  4.0D-01  2.187D+04  2.149D+07
  289  302     0     0  con    0  1.0D+00  3.4D-01  1.859D+04  2.148D+07
  290  303     0     0  con    0  1.0D+00  1.1D+00  1.753D+04  2.148D+07
  291  304     0     0  con    0  1.0D+00  1.4D-01  1.327D+04  2.147D+07
  292  305     0     0  con    0  1.0D+00  8.4D-02  9.956D+03  2.147D+07
  293  306     0     0  con    0  1.0D+00  3.6D-01  1.786D+04  2.146D+07
  294  307     0     0  con    0  1.0D+00  6.7D-01  2.272D+04  2.146D+07
  295  308     0     0  con    0  1.0D+00  3.1D-01  1.989D+04  2.146D+07
  296  309     0     0  con    0  1.0D+00  5.3D-01  8.679D+03  2.145D+07
  297  310     0     0  con    0  1.0D+00  4.7D-01  8.917D+03  2.145D+07
  298  311     0     0  con    0  1.0D+00  7.1D-01  1.909D+04  2.144D+07
  299  312     0     0  con    0  1.0D+00  4.1D-01  2.297D+04  2.144D+07
  300  313     0     0  con    0  1.0D+00  2.0D-01  1.275D+04  2.143D+07
  301  314     0     0  con    0  1.0D+00  4.3D-01  1.035D+04  2.143D+07
  302  315     0     0  con    0  1.0D+00  8.3D-01  1.663D+04  2.142D+07
  303  316     0     0  con    0  1.0D+00  4.0D-01  1.969D+04  2.141D+07
  304  317     0     0  con    0  1.0D+00  3.8D-01  1.154D+04  2.141D+07
  305  318     0     0  con    0  1.0D+00  4.7D-01  1.201D+04  2.140D+07
  306  319     0     0  con    0  1.0D+00  7.4D-01  1.318D+04  2.140D+07
  307  321     0     0  con    1  3.2D-01  5.6D-01  1.721D+04  2.139D+07
  308  322     0     0  con    0  1.0D+00  8.4D-01  1.514D+04  2.138D+07
  309  323     0     0  con    0  1.0D+00  5.2D-01  1.081D+04  2.138D+07
  310  324     0     0  con    0  1.0D+00  9.0D-01  1.631D+04  2.137D+07
  311  325     0     0  con    0  1.0D+00  3.2D-01  1.889D+04  2.137D+07
  312  326     0     0  con    0  1.0D+00  1.4D-01  1.715D+04  2.136D+07
  313  327     0     0  con    0  1.0D+00  3.2D-01  1.398D+04  2.136D+07
  314  328     0     0  con    0  1.0D+00  6.5D-01  1.438D+04  2.135D+07
  315  329     0     0  con    0  1.0D+00  4.4D-01  1.589D+04  2.134D+07
  316  330     0     0  con    0  1.0D+00  5.5D-01  2.004D+04  2.134D+07
  317  331     0     0  con    0  1.0D+00  5.6D-01  1.567D+04  2.133D+07
  318  332     0     0  con    0  1.0D+00  8.2D-01  1.065D+04  2.132D+07
  319  333     0     0  con    0  1.0D+00  1.5D+00  2.188D+04  2.132D+07
  320  334     0     0  con    0  1.0D+00  2.6D-01  2.043D+04  2.131D+07
  321  335     0     0  con    0  1.0D+00  2.4D-01  1.550D+04  2.131D+07
  322  336     0     0  con    0  1.0D+00  4.2D-01  1.630D+04  2.130D+07
  323  337     0     0  con    0  1.0D+00  9.7D-01  1.596D+04  2.129D+07
  324  338     0     0  con    0  1.0D+00  4.4D-01  1.748D+04  2.129D+07
  325  339     0     0  con    0  1.0D+00  5.9D-01  1.241D+04  2.128D+07
  326  340     0     0  con    0  1.0D+00  3.9D-01  1.248D+04  2.128D+07
  327  341     0     0  con    0  1.0D+00  7.1D-01  1.290D+04  2.127D+07
  328  342     0     0  con    0  1.0D+00  7.0D-01  1.817D+04  2.126D+07
  329  343     0     0  con    0  1.0D+00  9.9D-01  1.609D+04  2.126D+07
  330  344     0     0  con    0  1.0D+00  2.3D-01  1.187D+04  2.125D+07
  331  345     0     0  con    0  1.0D+00  1.2D-01  1.002D+04  2.125D+07
  332  346     0     0  con    0  1.0D+00  4.7D-01  1.713D+04  2.124D+07
  333  347     0     0  con    0  1.0D+00  9.5D-01  1.840D+04  2.124D+07
  334  348     0     0  con    0  1.0D+00  4.1D-01  1.800D+04  2.123D+07
  335  349     0     0  con    0  1.0D+00  3.5D-01  1.279D+04  2.122D+07
  336  350     0     0  con    0  1.0D+00  4.8D-01  1.515D+04  2.122D+07
  337  351     0     0  con    0  1.0D+00  8.0D-01  1.793D+04  2.121D+07
  338  352     0     0  con    0  1.0D+00  5.7D-01  1.734D+04  2.120D+07
  339  353     0     0  con    0  1.0D+00  2.3D-01  1.121D+04  2.120D+07
  340  354     0     0  con    0  1.0D+00  3.7D-01  1.427D+04  2.119D+07
  341  355     0     0  con    0  1.0D+00  5.7D-01  2.254D+04  2.119D+07
  342  356     0     0  con    0  1.0D+00  1.2D+00  2.330D+04  2.118D+07
  343  357     0     0  con    0  1.0D+00  2.5D-01  9.564D+03  2.117D+07
  344  358     0     0  con    0  1.0D+00  2.0D-01  1.161D+04  2.117D+07
  345  359     0     0  con    0  1.0D+00  3.2D-01  2.326D+04  2.117D+07
  346  360     0     0  con    0  1.0D+00  6.7D-01  2.572D+04  2.116D+07
  347  361     0     0  con    0  1.0D+00  7.0D-01  1.629D+04  2.115D+07
  348  362     0     0  con    0  1.0D+00  6.8D-01  1.173D+04  2.115D+07
  349  363     0     0  con    0  1.0D+00  1.5D-01  1.766D+04  2.114D+07
  350  364     0     0  con    0  1.0D+00  2.0D-01  1.978D+04  2.114D+07
  351  365     0     0  con    0  1.0D+00  5.5D-01  1.215D+04  2.113D+07
  352  366     0     0  con    0  1.0D+00  8.7D-01  2.080D+04  2.113D+07
  353  367     0     0  con    0  1.0D+00  8.9D-02  9.352D+03  2.113D+07
  354  368     0     0  con    0  1.0D+00  8.2D-02  1.219D+04  2.112D+07
  355  369     0     0  con    0  1.0D+00  3.0D-01  1.090D+04  2.112D+07
  356  370     0     0  con    0  1.0D+00  4.3D-01  1.231D+04  2.112D+07
  357  371     0     0  con    0  1.0D+00  5.1D-01  1.386D+04  2.111D+07
  358  372     0     0  con    0  1.0D+00  3.6D-01  1.270D+04  2.111D+07
  359  373     0     0  con    0  1.0D+00  3.7D-01  1.356D+04  2.110D+07
  360  374     0     0  con    0  1.0D+00  5.3D-01  1.334D+04  2.110D+07
  361  375     0     0  con    0  1.0D+00  9.2D-02  1.159D+04  2.110D+07
  362  376     0     0  con    0  1.0D+00  1.8D-01  1.099D+04  2.109D+07
  363  377     0     0  con    0  1.0D+00  3.8D-01  1.816D+04  2.109D+07
  364  378     0     0  con    0  1.0D+00  6.5D-01  1.332D+04  2.108D+07
  365  379     0     0  con    0  1.0D+00  1.3D+00  1.529D+04  2.108D+07
  366  380     0     0  con    0  1.0D+00  2.8D-01  8.001D+03  2.108D+07
  367  381     0     0  con    0  1.0D+00  7.6D-02  1.454D+04  2.107D+07
  368  382     0     0  con    0  1.0D+00  3.0D-01  1.968D+04  2.107D+07
  369  383     0     0  con    0  1.0D+00  7.0D-01  1.284D+04  2.106D+07
  370  385     0     0  con    1  4.4D-01  7.0D-01  1.471D+04  2.106D+07
  371  386     0     0  con    0  1.0D+00  5.5D-01  1.215D+04  2.105D+07
  372  387     0     0  con    0  1.0D+00  4.5D-01  1.667D+04  2.105D+07
  373  388     0     0  con    0  1.0D+00  5.7D-01  1.868D+04  2.104D+07
  374  389     0     0  con    0  1.0D+00  5.1D-01  1.470D+04  2.104D+07
  375  390     0     0  con    0  1.0D+00  1.9D-01  1.227D+04  2.103D+07
  376  391     0     0  con    0  1.0D+00  4.1D-01  1.827D+04  2.103D+07
  377  392     0     0  con    0  1.0D+00  2.4D-01  2.299D+04  2.103D+07
  378  393     0     0  con    0  1.0D+00  3.7D-01  1.885D+04  2.102D+07
  379  394     0     0  con    0  1.0D+00  9.8D-01  1.536D+04  2.102D+07
  380  395     0     0  con    0  1.0D+00  3.5D-01  1.351D+04  2.101D+07
  381  396     0     0  con    0  1.0D+00  1.1D-01  1.583D+04  2.101D+07
  382  397     0     0  con    0  1.0D+00  6.4D-01  1.844D+04  2.100D+07
  383  398     0     0  con    0  1.0D+00  1.5D+00  2.094D+04  2.099D+07
  384  399     0     0  con    0  1.0D+00  1.2D-01  1.539D+04  2.098D+07
  385  400     0     0  con    0  1.0D+00  3.4D-01  1.316D+04  2.098D+07
  386  401     0     0  con    0  1.0D+00  6.5D-01  1.943D+04  2.097D+07
  387  402     0     0  con    0  1.0D+00  1.1D+00  1.991D+04  2.096D+07
  388  403     0     0  con    0  1.0D+00  5.0D-01  2.152D+04  2.096D+07
  389  404     0     0  con    0  1.0D+00  3.1D-01  1.642D+04  2.095D+07
  390  405     0     0  con    0  1.0D+00  4.7D-01  1.770D+04  2.094D+07
  391  406     0     0  con    0  1.0D+00  8.5D-01  1.317D+04  2.093D+07
  392  407     0     0  con    0  1.0D+00  7.7D-01  1.735D+04  2.092D+07
  393  408     0     0  con    0  1.0D+00  3.0D-01  1.258D+04  2.092D+07
  394  409     0     0  con    0  1.0D+00  4.4D-01  2.775D+04  2.091D+07
  395  410     0     0  con    0  1.0D+00  6.7D-01  2.434D+04  2.091D+07
  396  411     0     0  con    0  1.0D+00  4.2D-01  1.602D+04  2.090D+07
  397  412     0     0  con    0  1.0D+00  6.5D-01  1.634D+04  2.089D+07
  398  413     0     0  con    0  1.0D+00  4.1D-01  2.256D+04  2.089D+07
  399  414     0     0  con    0  1.0D+00  1.0D+00  2.544D+04  2.088D+07
  400  415     0     0  con    0  1.0D+00  5.1D-01  2.584D+04  2.087D+07
  401  416     0     0  con    0  1.0D+00  1.0D-01  1.911D+04  2.087D+07
  402  417     0     0  con    0  1.0D+00  2.2D-01  1.984D+04  2.086D+07
  403  418     0     0  con    0  1.0D+00  3.3D-01  2.010D+04  2.086D+07
  404  419     0     0  con    0  1.0D+00  8.8D-01  2.175D+04  2.086D+07
  405  420     0     0  con    0  1.0D+00  1.7D-01  1.901D+04  2.085D+07
  406  421     0     0  con    0  1.0D+00  9.2D-02  1.371D+04  2.085D+07
  407  422     0     0  con    0  1.0D+00  3.6D-01  2.201D+04  2.084D+07
  408  423     0     0  con    0  1.0D+00  6.1D-01  1.832D+04  2.084D+07
  409  424     0     0  con    0  1.0D+00  3.4D-01  1.856D+04  2.083D+07
  410  425     0     0  con    0  1.0D+00  3.0D-01  1.458D+04  2.083D+07
  411  426     0     0  con    0  1.0D+00  3.5D-01  1.751D+04  2.082D+07
  412  427     0     0  con    0  1.0D+00  6.5D-01  2.084D+04  2.082D+07
  413  428     0     0  con    0  1.0D+00  5.2D-01  1.701D+04  2.081D+07
  414  429     0     0  con    0  1.0D+00  2.2D-01  1.624D+04  2.081D+07
  415  430     0     0  con    0  1.0D+00  4.3D-01  1.719D+04  2.080D+07
  416  431     0     0  con    0  1.0D+00  7.2D-01  2.694D+04  2.080D+07
  417  432     0     0  con    0  1.0D+00  2.9D-01  2.155D+04  2.079D+07
  418  433     0     0  con    0  1.0D+00  4.1D-01  1.834D+04  2.079D+07
  419  434     0     0  con    0  1.0D+00  5.1D-01  1.450D+04  2.078D+07
  420  435     0     0  con    0  1.0D+00  9.6D-01  2.927D+04  2.078D+07
  421  436     0     0  con    0  1.0D+00  1.6D-01  2.184D+04  2.077D+07
  422  437     0     0  con    0  1.0D+00  1.4D-01  1.445D+04  2.077D+07
  423  438     0     0  con    0  1.0D+00  3.6D-01  1.934D+04  2.076D+07
  424  439     0     0  con    0  1.0D+00  7.6D-01  2.678D+04  2.076D+07
  425  440     0     0  con    0  1.0D+00  5.0D-01  2.902D+04  2.075D+07
  426  441     0     0  con    0  1.0D+00  3.0D-01  1.832D+04  2.074D+07
  427  442     0     0  con    0  1.0D+00  4.6D-01  1.898D+04  2.074D+07
  428  443     0     0  con    0  1.0D+00  5.7D-01  1.350D+04  2.073D+07
  429  444     0     0  con    0  1.0D+00  1.1D+00  3.157D+04  2.073D+07
  430  445     0     0  con    0  1.0D+00  2.1D-01  1.512D+04  2.072D+07
  431  446     0     0  con    0  1.0D+00  1.1D-01  1.495D+04  2.072D+07
  432  447     0     0  con    0  1.0D+00  3.0D-01  1.610D+04  2.072D+07
  433  448     0     0  con    0  1.0D+00  6.8D-01  3.134D+04  2.071D+07
  434  449     0     0  con    0  1.0D+00  3.2D-01  2.453D+04  2.071D+07
  435  450     0     0  con    0  1.0D+00  4.1D-01  1.272D+04  2.070D+07
  436  451     0     0  con    0  1.0D+00  3.5D-01  1.837D+04  2.070D+07
  437  452     0     0  con    0  1.0D+00  8.7D-01  2.305D+04  2.069D+07
  438  453     0     0  con    0  1.0D+00  6.4D-01  2.485D+04  2.069D+07
  439  454     0     0  con    0